0.108 0.0 0.0 1 1 0.0121205
0.01 0.0 0.0 0.621302 0.655093 0.0916854
0.157 0.0 0.0 1 0.99537 0.00796666
0.353 0.0 0.0 1 1 0.00131748
0.304 0.0 0.0 1 1 0.000648998
0.059000000000000004 0.0 0.0 0.727811 0.689815 0.0868938
0.20600000000000002 0.0 0.0 1 1 0.00200385
0.255 0.0 0.0 1 1 0.000799489
0.402 0.0 0.0 1 1 0.000520141
0.451 0.0 0.0 1 1 0.000300148
0.01 0.0 0.0 0.639053 0.662037 0.0905569
0.0296 0.0 0.0 0.64497 0.631944 0.0929206
0.0149 0.0 0.0 0.64497 0.645833 0.0925419
0.0492 0.0 0.0 0.656805 0.641204 0.0931531
0.0688 0.0 0.0 0.970414 0.946759 0.0373401
0.0345 0.0 0.0 0.686391 0.666667 0.0894702
0.08839999999999999 0.0 0.0 1 1 0.00875742
0.019799999999999998 0.0 0.0 0.656805 0.652778 0.0926186
0.0541 0.0 0.0 0.769231 0.724537 0.0794668
0.108 0.0 0.0 1 1 0.0128641
0.0737 0.0 0.0 0.822485 0.773148 0.0769134
0.0394 0.0 0.0 0.680473 0.657407 0.0914289
0.1276 0.0 0.0 1 1 0.00487629
0.0933 0.0 0.0 0.810651 0.787037 0.0749014
0.0247 0.0 0.0 0.662722 0.641204 0.0927816
0.1472 0.0 0.0 1 1 0.00255653
0.059000000000000004 0.0 0.0 0.715976 0.68287 0.0867851
0.11289999999999999 0.0 0.0 1 0.997685 0.00810067
0.07859999999999999 0.0 0.0 0.792899 0.763889 0.0728139
0.0443 0.0 0.0 0.745562 0.710648 0.0814865
0.1325 0.0 0.0 1 0.981481 0.0202256
0.0982 0.0 0.0 1 1 0.0137595
0.0639 0.0 0.0 0.775148 0.703704 0.0827672
0.1668 0.0 0.0 1 1 0.00603523
0.1521 0.0 0.0 1 1 0.00221445
0.11779999999999999 0.0 0.0 1 0.997685 0.00761267
0.08349999999999999 0.0 0.0 0.988166 0.976852 0.026942
0.1864 0.0 0.0 1 1 0.00235489
0.13740000000000002 0.0 0.0 1 1 0.00991395
0.1031 0.0 0.0 1 1 0.00285683
0.20600000000000002 0.0 0.0 1 1 0.0039986
0.1717 0.0 0.0 1 1 0.00137084
0.157 0.0 0.0 1 0.997685 0.00484722
0.12269999999999999 0.0 0.0 1 1 0.00803789
0.2256 0.0 0.0 1 1 0.000798643
0.1913 0.0 0.0 1 1 0.0014428
0.1423 0.0 0.0 1 1 0.00315643
0.2452 0.0 0.0 1 1 0.000870898
0.2109 0.0 0.0 1 1 0.00400624
0.1766 0.0 0.0 1 1 0.00416216
0.16190000000000002 0.0 0.0 1 1 0.00217658
0.26480000000000004 0.0 0.0 1 1 0.000661622
0.2305 0.0 0.0 1 1 0.00168442
0.1962 0.0 0.0 1 1 0.00360226
0.2844 0.0 0.0 1 1 0.00148533
0.2501 0.0 0.0 1 1 0.00098484
0.2158 0.0 0.0 1 0.997685 0.00220415
0.1815 0.0 0.0 1 1 0.00269705
0.304 0.0 0.0 1 1 0.000516791
0.2697 0.0 0.0 1 1 0.00191786
0.2354 0.0 0.0 1 0.988426 0.00651887
0.2011 0.0 0.0 1 1 0.00532979
0.2893 0.0 0.0 1 1 0.00100557
0.255 0.0 0.0 1 1 0.000603593
0.2207 0.0 0.0 1 0.988426 0.00397406
0.3236 0.0 0.0 1 1 0.000660528
0.3089 0.0 0.0 1 1 0.000839391
0.2746 0.0 0.0 1 1 0.00113228
0.2403 0.0 0.0 1 1 0.000651779
0.3432 0.0 0.0 1 1 0.000433382
0.2942 0.0 0.0 1 1 0.000548471
0.25989999999999996 0.0 0.0 1 1 0.00153504
0.3628 0.0 0.0 1 1 0.000471583
0.3285 0.0 0.0 1 1 0.00115101
0.3138 0.0 0.0 1 1 0.000918582
0.3824 0.0 0.0 1 1 0.000558967
0.2795 0.0 0.0 1 1 0.000725055
0.3481 0.0 0.0 1 1 0.00051387
0.402 0.0 0.0 1 1 0.000447797
0.29910000000000003 0.0 0.0 1 1 0.000485539
0.36769999999999997 0.0 0.0 1 1 0.000465195
0.31870000000000004 0.0 0.0 1 1 0.000778752
0.3334 0.0 0.0 1 1 0.000538563
0.3873 0.0 0.0 1 1 0.000354226
0.4216 0.0 0.0 1 1 0.000403744
0.353 0.0 0.0 1 1 0.00114491
0.4069 0.0 0.0 1 1 0.000524842
0.4412 0.0 0.0 1 1 0.000321593
0.3726 0.0 0.0 1 1 0.000756818
0.4608 0.0 0.0 1 1 0.000354483
0.3383 0.0 0.0 1 1 0.000588307
0.4265 0.0 0.0 1 1 0.000452445
0.3922 0.0 0.0 1 1 0.000357174
0.3579 0.0 0.0 1 1 0.00258238
0.4461 0.0 0.0 1 1 0.000360727
0.4118 0.0 0.0 1 1 0.000761132
0.3775 0.0 0.0 1 1 0.000561497
0.4657 0.0 0.0 1 1 0.000252783
0.4804 0.0 0.0 1 1 0.000299515
0.4314 0.0 0.0 1 1 0.000284618
0.3971 0.0 0.0 1 1 0.000358098
0.451 0.0 0.0 1 1 0.000475444
0.4167 0.0 0.0 1 1 0.000303719
0.4706 0.0 0.0 1 1 0.000305312
0.4853 0.0 0.0 1 1 0.000240861
0.4363 0.0 0.0 1 1 0.000395123
0.45589999999999997 0.0 0.0 1 1 0.000550826
0.4755 0.0 0.0 1 1 0.000336499
0.49019999999999997 0.0 0.0 1 1 0.000562309
0.4951 0.0 0.0 1 1 0.000321622
