0.1 0 0 1 0.972222 0.00950834 142 12 278 0 
0.1 0 0 1 0.986111 0.0143875 142 6 284 0 
0.1 0 0 1 1 0.00157195 142 0 290 0 
0.01 0 0 0.622642 0.597222 0.22465 31 63 227 111 
0.1 0 0 0.942029 0.618056 0.332607 93 116 174 49 
0.05 0 0 1 1 0.005906 142 0 290 0 
0.05 0.01 0 1 1 0.00632787 142 0 290 0 
0.05 0 0.01 0.45283 0.328704 0.255174 142 290 0 0 
0.05 0 0.001 0.616352 0.671296 0.22939 0 0 290 142 
0.05 0 0.0001 0.616352 0.636574 0.218361 10 25 265 132 
0.05 0 0.000001 1 0.969907 0.0398307 142 13 277 0 
0.1 0 0.00001 1 1 0.00742177 142 0 290 0 
0.1 0.001 0.00001 1 1 0.0102494 142 0 290 0 
0.1 0 0.000001 1 1 0.004429 142 0 290 0 
0.2 0 0.000001 1 1 0.00201129 142 0 290 0 
0.5 0 0.000001 1 1 0.000448282 142 0 290 0 
0.5 0 0.000001 1 1 0.000949078 142 0 290 0 
0.5 0 0.000001 1 1 0.00165462 142 0 290 0 
0.8 0 0.000001 1 1 0.000590031 142 0 290 0 
