0.253485
0.244438
0.241023
0.238416
0.236435
0.23496
0.233877
0.233078
0.232465
0.231959
0.231503
0.23106
0.230606
0.230127
0.229616
0.229067
0.228474
0.227833
0.227139
0.226385
0.225567
0.224677
0.223711
0.222663
0.221527
0.2203
0.218976
0.217551
0.216017
0.214361
0.212567
0.210612
0.208472
0.206124
0.203559
0.200786
0.197833
0.194733
0.191512
0.188171
0.184689
0.181021
0.177102
0.172847
0.168157
0.162919
0.157024
0.150386
0.142978
0.134852
0.126173
0.117208
0.108259
0.0995645
0.0912674
0.0834453
0.076132
0.0693154
0.0629492
0.0569888
0.0514262
0.0462839
0.0415757
0.0372809
0.0333552
0.0297547
0.0264467
0.0234077
0.0206155
0.0180522
0.0157218
0.013658
0.0118916
0.0104136
0.00918421
0.00816047
0.00730612
0.00659103
0.0059899
0.00548153
0.00504847
0.00467661
0.00435463
0.00407357
0.00382629
0.00360716
0.00341165
0.00323615
0.00307771
0.00293397
0.00280293
0.00268298
0.00257276
0.0024711
0.00237706
0.00228979
0.00220859
0.00213283
0.00206199
0.00199561
