10.543624950061643
3.926388370122275
3.307340326398495
3.234387342774484
3.174576256504327
3.123665315720273
3.075773718731338
3.030603114834530
2.987166416315425
2.948264589529099
2.911947616628887
2.878173207640462
2.846403471770219
2.816449852545050
2.787491524944612
2.759728315681924
2.733319630326594
2.708235974657890
2.684249165972076
2.661657672198587
2.640487129987649
2.620508067236788
2.602046205457484
2.584812599701480
2.568560972701582
2.553382279217640
2.539167588173396
2.525813071730667
2.513237004595625
2.501284324986197
2.490103575380223
2.479899172907607
2.470426303756106
2.461681091522665
2.453515892760616
2.446064300820288
2.439178821480401
2.432815932312171
2.426886728781584
2.421382944263512
2.416235128210594
2.411389057474609
2.406828713969000
2.402748033499408
2.398797165868084
2.395061165865013
2.391530863938506
2.388163167964317
2.384973706477720
2.381918385128889
2.379053307809987
2.376281583904922
2.373629122172767
2.371115049162452
2.368695775275443
2.366363055336985
2.364125857742033
2.361964788350468
2.359876168416898
2.357838382881166
2.355854858766978
2.353920735507361
2.352030916765793
2.350225647937600
2.348424870942392
2.346663394511811
2.344938921948410
2.343244482923834
2.341570569429797
2.339926133288170
2.338294160443982
2.336660435413203
2.335019017643314
2.333418601056532
2.331815225552332
2.330204134288826
2.328664584587984
2.327104069545111
2.325593435276701
2.324094353544831
2.322577962267059
2.321096929644107
2.319634081068579
2.318159538623312
2.316704748684219
2.315351231524882
2.313954839620288
2.312578747061785
2.311123571666632
2.309786424010834
2.308421241689389
2.307062073499887
2.305703269775070
2.304331203433527
2.302957886292432
2.301589883593064
2.300225595799345
2.298840070438847
2.297441467918168
2.296058187543032
