0.251638
0.237678
0.236021
0.23461
0.23342
0.232426
0.231601
0.230919
0.230352
0.229877
0.229473
0.229124
0.228814
0.228532
0.22827
0.228019
0.227773
0.227528
0.227279
0.227022
0.226753
0.226468
0.226165
0.22584
0.225488
0.225104
0.224685
0.224225
0.223717
0.223154
0.222528
0.22183
0.22105
0.220174
0.219191
0.218086
0.216841
0.21544
0.213866
0.2121
0.210127
0.207933
0.205508
0.202848
0.199955
0.19684
0.193521
0.190023
0.186375
0.182609
0.178759
0.174855
0.170928
0.167002
0.163099
0.159235
0.155422
0.151671
0.147985
0.144368
0.140818
0.13733
0.133898
0.13051
0.127156
0.123823
0.120497
0.117166
0.11382
0.110452
0.107059
0.103646
0.10022
0.0967972
0.0933943
0.0900314
0.0867286
0.0835035
0.0803702
0.0773386
0.0744146
0.0716006
0.0688962
0.0662994
0.0638067
0.0614143
0.0591179
0.0569133
0.0547965
0.0527636
0.0508111
0.0489358
0.0471344
0.0454043
0.0437425
0.0421467
0.0406143
0.0391429
0.0377301
0.0363737
0.0350715
0.0338212
0.0326207
0.031468
0.0303611
0.0292979
0.0282766
0.0272954
0.0263526
0.0254463
0.0245752
0.0237376
0.022932
0.0221572
0.0214118
0.0206946
0.0200043
0.0193399
0.0187004
0.0180847
0.0174918
0.0169209
0.0163712
0.0158417
0.0153318
0.0148406
0.0143675
0.0139119
0.0134729
0.0130501
0.0126428
0.0122505
0.0118727
0.0115087
0.0111581
0.0108204
0.0104952
0.010182
0.00988042
0.00958997
0.00931029
0.00904098
0.00878168
0.00853202
0.00829165
0.00806023
0.00783742
0.00762291
0.00741639
0.00721754
0.00702607
0.00684171
0.00666416
0.00649318
0.00632848
0.00616983
0.00601698
0.0058697
0.00572776
0.00559094
0.00545903
0.00533183
0.00520915
0.0050908
0.0049766
0.00486637
0.00475996
0.0046572
0.00455794
0.00446204
0.00436935
0.00427976
0.00419312
0.00410931
0.00402823
0.00394976
0.00387379
0.00380022
0.00372895
0.0036599
0.00359297
0.00352808
0.00346515
0.0034041
0.00334487
0.00328737
0.00323154
0.00317732
0.00312464
0.00307346
0.0030237
0.00297533
0.00292828
0.00288251
0.00283798
0.00279463
0.00275243
0.00271133
0.0026713
